x_inner_12: (6.5, 5.196152422706632) to (6.0, 6.06217782649107), Active: 1
x_inner_23: (6.0, 6.06217782649107) to (5.0, 6.06217782649107), Active: 1
x_inner_34: (5.0, 6.06217782649107) to (4.5, 5.196152422706632), Active: 1
x_inner_45: (4.5, 5.196152422706632) to (5.0, 4.330127018922194), Active: 1
x_inner_56: (5.0, 4.330127018922194) to (6.0, 4.330127018922194), Active: 1
x_inner_61: (6.0, 4.330127018922194) to (6.5, 5.196152422706632), Active: 1
x_tunnel_1: (6.5, 5.196152422706632) to (7.5, 5.196152422706632), Active: 1
x_tunnel_2: (6.0, 6.06217782649107) to (6.5, 6.928203230275509), Active: 1
x_tunnel_3: (5.0, 6.06217782649107) to (4.5, 6.928203230275509), Active: 1
x_tunnel_4: (4.5, 5.196152422706632) to (3.5, 5.196152422706632), Active: 1
x_tunnel_5: (5.0, 4.330127018922194) to (4.5, 3.4641016151377553), Active: 1
x_tunnel_6: (6.0, 4.330127018922194) to (6.5, 3.4641016151377553), Active: 1
x_1_outer_1: (7.5, 5.196152422706632) to (8.0, 4.330127018922194), Active: 1
x_1_outer_2: (7.5, 5.196152422706632) to (8.0, 6.06217782649107), Active: 1
x_2_outer_1: (6.5, 6.928203230275509) to (7.5, 6.928203230275509), Active: 1
x_2_outer_2: (6.5, 6.928203230275509) to (6.0, 7.794228634059947), Active: 1
x_3_outer_1: (4.5, 6.928203230275509) to (5.0, 7.794228634059947), Active: 1
x_3_outer_2: (4.5, 6.928203230275509) to (3.5000000000000004, 6.928203230275509), Active: 1
x_4_outer_1: (3.5, 5.196152422706632) to (3.0, 6.06217782649107), Active: 1
x_4_outer_2: (3.5, 5.196152422706632) to (3.0, 4.330127018922194), Active: 1
x_5_outer_1: (4.5, 3.4641016151377553) to (3.5000000000000004, 3.4641016151377553), Active: 1
x_5_outer_2: (4.5, 3.4641016151377553) to (5.0, 2.598076211353317), Active: 1
x_6_outer_1: (6.5, 3.4641016151377553) to (6.0, 2.598076211353317), Active: 1
x_6_outer_2: (6.5, 3.4641016151377553) to (7.5, 3.4641016151377553), Active: 1
x_random_12: (8.0, 6.06217782649107) to (7.5, 6.928203230275509), Active: 1
x_random_23: (6.0, 7.794228634059947) to (5.0, 7.794228634059947), Active: 1
x_random_34: (3.5000000000000004, 6.928203230275509) to (3.0, 6.06217782649107), Active: 1
x_random_45: (3.0, 4.330127018922194) to (3.5000000000000004, 3.4641016151377553), Active: 1
x_random_56: (5.0, 2.598076211353317) to (6.0, 2.598076211353317), Active: 1
x_random_66: (7.5, 3.4641016151377553) to (8.0, 4.330127018922194), Active: 1